268435456S,0C
0 0
84894 1
1673 1
17316 1
249 1
2715 1
-249 -1
421 1
7609 1
2734 1
2712 1
2667 1
2674 1
4687 1
2649 1
2658 1
4634 1
2689 1
4662 1
2696 1
4722 1
4685 1
2655 1
2656 1
4669 1
4673 1
2673 1
4665 1
9605776 1
17276 1
451 1
7712 1
8083 1
2347949 1
6665 1
11952228 1
614 1
11952130 1
2667 1
2662 1
2671 1
2663 1
2663 1
-2663 -1
2656 1
2664 1
2663 1
2664 1
4946 1
-4946 -1
-6665 -1
-2664 -1
11712 1
2912 1
2661 1
2690 1
2688 1
2666 1
2664 1
2664 1
2693 1
2700 1
2701 1
2701 1
2693 1
2719 1
2693 1
4797 1
-4797 -1
4692 1
-4692 -1
13564 1
-2912 -1
2699 1
2706 1
2710 1
2696 1
2701 1
2690 1
2687 1
2687 1
2685 1
2681 1
2685 1
2667 1
2692 1
2699 1
2502 1
2688 1
2655 1
4648 1
-4648 -1
4720 1
2691 1
4708 1
4712 1
4700 1
-4720 -1
3437 1
10571121 1
14349 1
1529 1
17276 1
10318 1
1671 1
1649 1
1664 1
1664 1
3987 1
3987 1
-3987 -1
1490 1
23412 1
677 1
2698 1
2686 1
2696 1
2704 1
2671 1
2699 1
2670 1
4711 1
2703 1
4715 1
-4711 -1
-4715 -1
4682 1
4671 1
-4682 -1
-4671 -1
10571347 1
10571608 1
11952371 1
13747 1
20620 1
3638 1
18656 1
1528 1
193785 1
17169 1
1997 1
2698 1
94439285 1
2625 1
-2625 -1
11951990 1
-4708 -1
-4712 -1
-4700 -1
13342 1
2220 1
6172 1
-6172 -1
